City,Country,Lat,Lng,Max Temp,Humidity,Wind Speed,Cloudiness
Ushuaia,AR,-54.8,-68.3,46.4,70,27.51,75
Brae,GB,60.4,-1.35,46.4,87,6.93,100
Bambous Virieux,MU,-20.34,57.76,78.8,78,8.05,40
Bredasdorp,ZA,-34.53,20.04,64.4,77,5.82,0
Riverton,US,40.52,-111.94,59.0,44,9.17,1
Busselton,AU,-33.65,115.33,69.01,50,14.16,75
Jamestown,US,42.1,-79.24,37.4,69,28.86,90
Yumen,CN,40.28,97.2,43.59,22,20.45,3
Ust-Kuyga,RU,70.02,135.6,24.62,90,13.02,44
Souillac,MU,-20.52,57.52,78.8,78,8.05,40
Kharan,PK,28.58,65.42,81.59,21,8.08,36
Mahébourg,MU,-20.41,57.7,78.8,78,8.05,40
Wakkanai,JP,45.41,141.67,30.52,96,14.23,54
Vao,NC,-22.67,167.48,73.85,76,12.12,90
Ancud,CL,-41.87,-73.82,59.0,87,6.93,75
Airai,TL,-8.93,125.41,60.17,72,0.58,42
Thompson,CA,55.74,-97.86,32.0,95,4.7,40
Gabrovo,BG,42.87,25.33,55.0,54,4.7,6
Hobart,AU,-42.88,147.33,53.6,81,5.82,75
Kabare,CD,-2.47,28.82,62.55,59,2.73,67
Vaini,TO,-21.2,-175.2,62.6,100,2.24,20
Lüderitz,NA,-26.65,15.16,62.6,72,8.05,0
Boguchany,RU,58.38,97.45,30.33,97,2.06,100
Ankang,CN,32.68,109.02,50.94,68,2.3,85
George Town,MY,5.41,100.34,82.4,88,2.75,20
Marystown,CA,47.17,-55.15,39.0,96,26.62,100
Malé,MV,4.17,73.51,86.0,74,1.12,20
Anūpgarh,IN,29.19,73.21,85.5,25,10.07,1
Hermanus,ZA,-34.42,19.23,64.0,94,3.69,2
Meulaboh,ID,4.14,96.13,79.39,84,4.59,92
Beringovskiy,RU,63.05,179.32,5.32,94,15.43,100
Bethel,US,41.37,-73.41,50.0,48,18.34,90
Saint Paul Harbor,US,57.79,-152.41,35.6,69,2.28,1
Hilo,US,19.73,-155.09,73.99,73,3.36,90
Rikitea,PF,-23.12,-134.97,76.86,75,6.13,94
Dīr,PK,35.21,71.88,52.79,30,6.08,62
Angoche,MZ,-16.23,39.91,76.82,84,9.62,4
Tuatapere,NZ,-46.13,167.68,39.99,95,1.99,0
Arrondissement de Limoges,FR,45.75,1.33,71.6,26,4.7,25
Kapaa,US,22.08,-159.32,71.6,83,4.7,1
Avarua,CK,-21.21,-159.78,80.6,88,5.82,100
Klaksvík,FO,62.23,-6.59,44.6,87,17.22,100
Mataura,NZ,-46.19,168.86,39.99,95,1.99,6
Aswān,EG,24.09,32.91,71.89,21,10.78,1
Palestine,PS,31.92,35.2,60.8,77,4.7,75
Tiksi,RU,71.69,128.87,22.46,93,23.91,79
Hong Kong,HK,22.29,114.16,73.99,83,11.41,40
Atuona,PF,-9.8,-139.03,81.95,77,11.95,19
Marzuq,YE,14.4,46.47,72.77,41,6.78,0
Narsaq,GL,60.92,-46.05,42.8,26,41.38,100
Saint-Philippe,RE,-21.36,55.77,78.8,74,16.11,20
Babaeski,TR,41.43,27.09,53.55,72,4.92,0
Awallan,PH,17.92,121.91,73.45,85,1.7,50
São João da Barra,BR,-21.64,-41.05,78.8,61,8.05,90
Tuktoyaktuk,CA,69.45,-133.04,3.2,77,8.05,40
Salalah,OM,17.02,54.09,82.4,78,4.7,20
Fort Nelson,CA,58.81,-122.7,28.4,39,6.93,40
Port Blair,IN,11.67,92.75,82.31,70,7.74,75
Carahue,CL,-38.7,-73.17,66.2,59,5.82,30
Pevek,RU,69.7,170.31,-3.15,85,20.83,32
Sitka,US,57.05,-135.33,37.4,64,6.17,1
Punta Arenas,CL,-53.15,-70.92,48.2,61,16.11,75
Urubamba,PE,-13.3,-72.12,68.0,40,9.17,40
Saldanha,ZA,-33.01,17.94,64.4,82,10.29,13
Ambilobe,MG,-13.2,49.05,76.57,77,7.27,4
Ibiá,BR,-19.48,-46.54,80.06,51,3.38,20
Punganūru,IN,13.37,78.58,74.5,56,7.63,0
Nieuw Amsterdam,SR,5.88,-55.08,88.0,62,13.87,40
Ürümqi,CN,43.8,87.6,48.2,45,3.44,100
New Norfolk,AU,-42.78,147.06,53.6,81,5.82,75
Acaraú,BR,-2.89,-40.12,85.21,73,8.93,99
Billings Metropolitan Area,US,45.78,-108.5,68.0,20,17.22,40
Yulara,AU,-25.24,130.99,57.2,41,3.36,0
Richards Bay,ZA,-28.78,32.04,73.83,77,20.74,42
Inongo,CD,-1.95,18.27,75.2,83,2.57,82
Butaritari,KI,3.07,172.79,83.86,72,7.23,100
Verkhoyansk,RU,67.54,133.38,22.78,88,5.26,85
Nouakchott,MR,18.09,-15.98,87.8,35,18.34,0
Kaitangata,NZ,-46.28,169.85,51.01,86,1.72,21
Chokurdakh,RU,70.63,147.92,19.4,96,9.82,40
Khatanga,RU,71.97,102.5,28.38,92,20.94,100
Dingle,PH,11.0,122.67,78.42,80,9.4,2
Taltal,CL,-25.4,-70.48,70.52,60,7.72,19
Clyde River,CA,70.47,-68.59,12.2,85,24.16,90
Grand Gaube,MU,-20.01,57.66,78.8,78,8.05,40
Samarai,PG,-10.62,150.67,78.91,82,6.26,28
Rognan,NO,67.1,15.39,33.01,92,17.22,40
São Miguel do Araguaia,BR,-13.28,-50.16,86.97,60,3.04,33
Oranjemund,NA,-28.55,16.43,60.3,73,5.84,0
Hamilton,US,39.18,-84.53,48.0,42,10.29,75
Touros,BR,-5.2,-35.46,87.8,66,14.99,40
Thai Binh,VN,20.45,106.33,73.4,94,3.36,90
Ponta do Sol,PT,32.67,-17.1,66.2,72,9.17,20
Tasiilaq,GL,65.61,-37.64,28.4,63,2.24,94
Boyolangu,ID,-8.12,111.89,77.52,85,2.44,5
Bambanglipuro,ID,-7.95,110.28,79.43,83,3.98,5
Cabo San Lucas,MX,22.89,-109.91,78.8,77,8.72,75
Emerald,AU,-23.53,148.17,66.2,82,4.7,97
Albany,US,42.6,-73.97,46.99,56,25.28,75
Arosa,CH,46.78,9.68,55.0,48,3.36,17
Bluff,NZ,-46.6,168.33,39.99,95,1.99,10
Port Hardy,CA,50.7,-127.42,50.0,76,13.87,75
Geraldton,AU,-28.77,114.6,71.6,88,6.93,3
Carnarvon,AU,-24.87,113.63,77.0,100,12.75,77
Cape Town,ZA,-33.93,18.42,64.4,82,4.7,3
Abaeté,BR,-19.16,-45.45,81.34,57,3.8,33
Codrington,AU,-38.27,141.97,56.32,75,27.83,91
Ayr,GB,55.46,-4.63,60.01,87,2.24,40
Qaanaaq,GL,77.48,-69.36,8.28,83,1.68,0
San Patricio,MX,19.22,-104.7,82.4,78,5.82,5
Haines Junction,CA,60.75,-137.51,20.61,80,0.6,0
Te Anau,NZ,-45.42,167.72,45.99,72,4.65,11
Noumea,NC,-22.28,166.46,60.8,82,3.04,80
Banff,CA,51.18,-115.57,28.99,86,10.0,100
Depew,US,42.9,-78.69,44.01,52,21.92,75
Barrow,US,71.29,-156.79,-9.4,76,8.05,75
Linares,CL,-35.85,-71.6,79.16,25,5.97,10
Motygino,RU,58.18,94.76,27.84,96,3.51,98
Katobu,ID,-4.94,122.53,75.29,88,1.57,38
Dwārka,IN,22.24,68.97,79.43,72,9.55,0
Palmer,US,42.16,-72.33,48.99,45,16.11,75
Kamenka,RU,51.32,42.77,53.01,49,11.01,100
Port Alfred,ZA,-33.59,26.89,66.81,81,2.44,95
Mahon,ES,39.89,4.27,60.8,72,5.82,0
Rapid Valley,US,44.06,-103.15,62.01,23,5.97,1
Provideniya,RU,64.38,-173.3,9.54,92,15.28,100
Phang Nga,TH,8.45,98.53,77.0,94,3.36,20
Manali,IN,13.17,80.27,84.2,79,9.17,40
Vila Velha,BR,-20.33,-40.29,77.0,73,10.29,90
Westport,US,41.14,-73.36,50.0,34,26.4,75
Constitución,CL,-35.33,-72.42,63.34,58,6.49,11
Ballina,AU,-28.87,153.57,64.4,87,12.15,30
Severo-Kuril'sk,RU,50.68,156.12,31.05,95,14.74,77
Lagoa,PT,39.05,-27.98,62.98,64,3.71,0
Japura,ID,-0.32,102.35,74.23,95,0.67,69
Vinces,EC,-1.55,-79.73,91.4,52,4.7,75
Charleston,US,32.78,-79.93,72.0,30,14.99,1
Dehlorān,IR,32.69,47.27,74.71,28,12.21,7
Bandarbeyla,SO,9.49,50.81,81.41,66,11.77,0
Cayenne,GF,4.93,-52.33,84.2,74,14.99,90
San Vicente,AR,-26.62,-54.13,71.65,36,5.32,2
Monduli,TZ,-3.3,36.45,66.2,88,16.11,75
Marsabit,KE,2.33,37.99,74.46,41,19.77,67
Padang,ID,-0.95,100.35,78.62,77,2.57,96
Mar del Plata,AR,-38.0,-57.56,66.2,68,11.41,20
Kaya,BF,13.09,-1.08,96.22,18,11.3,99
Lamu,KE,-2.27,40.9,82.31,80,12.19,100
Port Elizabeth,ZA,-33.92,25.57,62.6,88,8.05,77
‘Āhuimanu,US,21.44,-157.84,77.0,69,3.91,40
Shenjiamen,CN,29.96,122.3,57.79,88,12.17,100
Acapulco de Juárez,MX,16.86,-99.89,84.2,70,6.93,5
Saint George,US,37.1,-113.58,63.0,50,1.12,1
Sistranda,NO,63.73,8.83,37.99,93,16.11,40
Kishtwār,IN,33.32,75.77,50.04,26,6.69,19
Coquimbo,CL,-29.95,-71.34,66.2,63,13.87,80
Pontianak,ID,-0.03,109.33,78.06,87,3.4,98
Esmeraldas,BR,-19.76,-44.31,78.8,65,5.82,75
Matara,LK,5.95,80.54,78.03,86,5.39,22
Safi,MA,32.3,-9.24,67.21,69,20.29,11
Kaeo,NZ,-35.1,173.78,48.99,93,3.0,1
Faanui,PF,-16.48,-151.75,82.49,78,10.36,41
Sindor,RU,62.86,51.89,29.03,97,11.97,100
Hithadhoo,MV,-0.6,73.08,84.74,63,5.3,10
Guerrero Negro,MX,27.98,-114.06,64.26,57,17.83,32
Filingué,NE,14.35,3.32,95.65,17,11.03,82
Margate,GB,51.38,1.39,62.01,81,5.82,46
Sinnamary,GF,5.38,-52.95,82.17,73,13.02,81
Saskylakh,RU,71.92,114.08,24.44,92,17.52,84
Shankargarh,IN,25.18,81.62,84.49,15,3.51,9
Muros,ES,42.78,-9.06,57.0,100,4.7,75
Sambava,MG,-14.27,50.17,76.1,86,7.81,38
Naze,JP,28.37,129.48,55.4,87,3.36,22
Egvekinot,RU,66.32,-179.17,-3.87,83,5.77,0
Norman Wells,CA,65.28,-126.83,19.4,52,2.24,20
Isangel,VU,-19.55,169.27,71.6,94,7.83,75
Rovinj,HR,45.08,13.64,66.0,29,2.24,3
Neuquén,AR,-38.95,-68.06,82.4,34,4.7,25
Castro,BR,-24.79,-50.01,71.74,34,4.25,37
Mayo,US,38.89,-76.51,52.0,39,21.92,90
Aykhal,RU,66.0,111.5,24.8,62,8.95,0
Waingapu,ID,-9.66,120.26,78.73,77,5.73,71
Port Macquarie,AU,-31.43,152.92,59.0,100,4.7,90
Onguday,RU,50.75,86.15,25.34,75,1.16,22
Bengkulu,ID,-3.8,102.27,77.5,81,4.09,87
Arraial do Cabo,BR,-22.97,-42.03,75.2,78,5.82,75
Boyuibe,BO,-20.42,-63.28,77.85,27,6.71,4
San Ramon,US,37.78,-121.98,66.0,63,4.7,1
Southbridge,US,42.08,-72.03,48.99,45,28.86,90
Kirakira,SB,-10.45,161.92,78.85,78,5.59,24
Puerto Ayora,EC,-0.74,-90.35,87.8,62,5.82,20
Opuwo,NA,-18.06,13.84,76.66,34,4.41,52
Broken Hill,AU,-31.95,141.43,66.2,28,13.87,75
Fare,PF,-16.7,-151.02,83.48,75,8.95,55
Vizinga,RU,61.07,50.1,31.98,94,9.69,100
Mitsamiouli,KM,-11.38,43.28,84.2,74,14.99,20
Berlevåg,NO,70.86,29.09,27.75,90,17.36,100
San Cristobal,VE,7.77,-72.22,95.0,47,11.41,40
Maniitsoq,GL,65.42,-52.9,35.2,84,10.92,63
Hervey Bay,AU,-25.3,152.85,69.01,100,3.36,75
Keflavik,IS,64.0,-22.56,41.0,93,14.99,90
Nikolskoye,RU,59.7,30.79,33.01,93,4.47,75
Cidreira,BR,-30.18,-50.21,69.26,67,10.71,9
Nanortalik,GL,60.14,-45.24,36.39,78,8.05,100
Linhares,BR,-19.39,-40.07,76.87,81,5.77,96
Dikson,RU,73.51,80.55,14.16,97,6.24,98
Salta,AR,-24.79,-65.41,68.0,68,8.05,75
Gambēla,ET,8.25,34.58,82.51,47,1.83,47
Teya,RU,60.38,92.63,25.32,94,5.64,93
San Quintín,MX,30.48,-115.95,61.72,57,8.01,43
George,ZA,-33.96,22.46,60.8,93,1.12,1
Port Moresby,PG,-9.44,147.18,75.52,85,3.11,100
Ostrovnoy,RU,68.05,39.51,14.58,95,9.31,34
Redcar,GB,54.62,-1.06,66.2,59,5.82,99
Mujiayingzi,CN,42.12,118.78,40.44,41,8.01,0
Hof,DE,50.32,11.92,59.0,44,5.61,79
Lebu,CL,-37.62,-73.65,62.53,66,6.87,25
Emba,KZ,48.83,58.14,43.9,55,6.73,78
Beibei,CN,29.83,106.43,63.0,87,8.95,90
Nome,US,64.5,-165.41,26.6,79,8.05,90
Mibu,JP,36.42,139.8,50.0,74,1.12,20
Tripoli,LY,32.88,13.19,62.46,58,17.85,38
Necochea,AR,-38.55,-58.74,72.0,51,13.0,0
Kidal,ML,18.44,1.41,95.63,14,10.65,99
Ningxiang,CN,37.34,111.21,35.82,54,2.98,55
Bath,GB,51.38,-2.36,68.0,48,5.82,80
Makkah al Mukarramah,SA,21.43,39.83,75.0,30,7.74,44
Atikokan,CA,48.76,-91.62,37.38,61,6.6,76
Longyearbyen,SJ,78.22,15.64,1.4,59,6.93,20
Annau,TM,37.89,58.52,50.0,76,2.24,40
Tabas,IR,33.6,56.92,68.0,60,2.24,100
Kano,NG,12.0,8.52,93.2,20,4.7,100
North Platte,US,41.12,-100.77,59.0,30,19.46,20
Wajima,JP,37.4,136.9,47.1,60,11.16,88
Vostok,RU,46.49,135.88,26.29,84,3.0,84
Bosaso,SO,11.28,49.18,83.98,64,4.45,0
Anaconda,US,46.13,-112.94,55.0,39,5.68,1
Esperance,AU,-33.87,121.9,59.0,87,6.93,97
Saint-Pierre,RE,-21.34,55.48,78.8,74,16.11,20
Ponta Delgada,PT,37.73,-25.67,64.4,68,12.75,20
Bulawayo,ZW,-20.15,28.58,66.09,45,11.41,90
Katsuura,JP,35.13,140.3,48.99,42,12.75,40
Yangi Marg`ilon,UZ,40.43,71.72,50.0,61,4.7,91
Consuegra,ES,39.46,-3.61,60.01,85,1.01,90
Kyabé,TD,9.45,18.94,87.69,38,3.09,82
Yellowknife,CA,62.46,-114.35,14.0,61,19.46,20
Iqaluit,CA,63.75,-68.51,12.2,72,2.24,40
Ilulissat,GL,69.22,-51.1,35.6,64,3.36,0
Mossamedes,AO,-15.2,12.15,77.07,56,15.75,5
Ixtapa,MX,20.7,-105.2,82.4,61,6.93,20
Evensk,RU,61.95,159.23,4.84,84,7.18,3
Buchanan,LR,5.88,-10.05,82.54,76,9.73,27
Alegrete,BR,-29.78,-55.79,73.69,38,9.75,0
Yichun,CN,47.7,128.9,32.79,77,4.61,0
Ardatov,RU,55.24,43.1,40.19,76,4.76,96
Hualmay,PE,-11.1,-77.61,78.39,65,8.86,64
Russell,US,32.35,-85.2,68.0,24,10.29,1
Philadelphia,US,39.95,-75.16,50.0,31,23.04,75
Victor Harbor,AU,-35.57,138.62,62.6,63,19.46,75
Gwanda,ZW,-20.93,29.0,67.26,51,12.08,86
Nizwá,OM,22.93,57.53,87.42,19,7.11,100
Ikalamavony,MG,-21.15,46.58,66.61,63,7.58,34
Nishihara,JP,26.18,127.76,68.0,72,5.82,40
Itarema,BR,-2.92,-39.92,85.28,71,9.8,98
Arlit,NE,18.74,7.39,92.73,9,5.17,88
Cossato,IT,45.57,8.18,70.0,28,4.7,5
Hasaki,JP,35.73,140.83,33.8,86,9.19,20
Yerbogachën,RU,61.28,108.01,30.67,88,3.44,91
Upernavik,GL,72.79,-56.15,18.19,86,5.7,9
Dzaoudzi,YT,-12.79,45.27,84.2,79,5.82,40
Namie,JP,37.48,141.0,39.0,74,6.51,0
Grand-Santi,GF,4.25,-54.38,84.13,82,4.94,89
Peleduy,RU,59.63,112.74,32.97,87,0.4,98
Dicabisagan,PH,17.08,122.42,76.17,84,4.7,94
Ol'ga,RU,43.74,135.29,34.77,87,12.46,70
Moryakovskiy Zaton,RU,56.7,84.65,33.8,97,8.95,41
Ahipara,NZ,-35.17,173.17,57.94,82,4.88,41
Dolisie,CG,-4.2,12.67,72.57,89,0.98,100
Manta,EC,-0.95,-80.73,82.4,69,4.7,40
Thinadhoo,MV,0.53,72.93,84.99,59,3.2,0
Amalāpuram,IN,16.58,82.02,78.37,85,1.79,2
Dickinson,US,29.46,-95.05,75.2,56,16.11,75
Ciudad Bolivar,VE,8.12,-63.55,99.16,28,10.29,97
Qeshm,IR,26.96,56.27,82.4,44,4.7,98
Praia,CV,14.92,-23.51,86.0,42,21.92,0
Kruisfontein,ZA,-34.0,24.73,60.19,60,3.09,57
Yar-Sale,RU,66.83,70.83,13.77,90,7.18,13
Salisbury,GB,51.07,-1.8,68.0,45,8.05,64
Hambantota,LK,6.12,81.12,81.55,80,10.87,8
Rocha,UY,-34.48,-54.33,68.63,60,9.19,13
Poum,NC,-20.23,164.02,76.84,74,12.55,61
Madimba,TZ,-10.4,40.33,78.8,94,11.41,40
Chandia,IN,23.65,80.7,79.38,16,3.4,7
Coos Bay,US,43.37,-124.22,57.99,87,5.82,90
Nizhniy Tsasuchey,RU,50.52,115.13,40.24,43,5.46,0
Lorengau,PG,-2.02,147.27,81.66,77,5.35,97
Torbay,CA,47.67,-52.73,37.4,92,25.28,90
Miyazu,JP,35.53,135.18,41.94,66,5.41,90
Hofn,IS,64.25,-15.21,39.29,86,11.32,100
Raymond,US,43.9,-70.47,43.0,93,9.17,90
Tuy Hoa,VN,13.08,109.3,76.93,84,1.72,100
Bathsheba,BB,13.22,-59.52,86.0,62,16.11,40
Santa Maria,BR,-29.68,-53.81,71.6,53,6.93,75
Talnakh,RU,69.49,88.4,32.0,93,26.84,75
Lewiston,US,44.1,-70.21,42.01,93,9.17,90
Eureka,US,40.8,-124.16,60.01,82,6.93,90
Tessalit,ML,20.2,1.01,96.48,8,7.92,75
Ketchikan,US,55.34,-131.65,42.8,60,23.04,20
Ust-Tsilma,RU,65.44,52.15,19.72,95,5.79,100
Codajás,BR,-3.84,-62.06,91.0,56,1.97,57
Karratha,AU,-20.74,116.85,81.3,66,8.72,3
Kasongo,CD,-4.45,26.67,73.65,79,3.4,55
Kanel,SN,15.49,-13.18,109.4,9,6.93,0
Loralai,PK,30.37,68.6,69.73,23,5.5,85
Todos Santos,MX,23.45,-110.22,78.8,50,10.29,75
Bilma,NE,18.69,12.92,86.25,12,8.93,9
Edéa,CM,3.8,10.13,84.2,83,3.36,40
Kota Kinabalu,MY,5.97,116.07,79.0,88,3.36,20
Aktash,RU,50.3,87.73,16.34,60,1.81,69
Banda Aceh,ID,5.56,95.32,80.15,80,4.03,99
La Virtud,HN,14.05,-88.7,91.4,41,9.17,20
Srednekolymsk,RU,67.45,153.68,13.98,91,8.97,9
Yatou,CN,37.15,122.38,43.9,67,8.25,100
Bay Roberts,CA,47.6,-53.26,37.4,93,27.51,90
Hirara,JP,24.8,125.28,69.93,73,15.88,65
Adré,TD,13.47,22.2,89.31,18,1.52,86
Xai-Xai,MZ,-25.05,33.64,70.09,75,7.78,4
Tangshan,CN,39.63,118.18,45.36,53,5.03,15
Oriximiná,BR,-1.77,-55.87,90.66,54,1.95,54
Kamaishi,JP,39.27,141.88,36.59,79,9.86,13
Abu Samrah,SY,35.3,37.18,54.12,66,15.84,13
Marsh Harbour,BS,26.54,-77.06,79.45,79,16.33,11
Hobe Sound,US,27.06,-80.14,93.0,52,12.75,75
Lázaro Cárdenas,MX,17.96,-102.2,89.17,38,8.84,2
Kalemie,CD,-5.95,29.19,73.24,63,3.69,46
Grójec,PL,51.86,20.87,53.01,37,4.7,61
Alice Springs,AU,-23.7,133.88,57.2,54,3.36,0
Tsimmerbude,RU,54.67,20.13,39.2,86,4.47,58
Carhuamayo,PE,-10.92,-76.03,49.77,21,4.72,73
Port Pirie,AU,-33.18,138.02,62.6,67,5.82,27
Cockburn Town,TC,21.46,-71.14,78.66,74,2.33,9
Mugur-Aksy,RU,50.35,90.5,27.05,47,4.72,72
São Filipe,CV,14.9,-24.5,76.95,69,12.86,0
Coyhaique,CL,-45.58,-72.07,57.2,76,12.75,90
Kavaratti,IN,10.57,72.64,84.63,68,7.96,0
Vila Franca do Campo,PT,37.72,-25.43,64.4,68,12.75,20
Mount Gambier,AU,-37.83,140.77,53.6,93,17.22,40
Guaratinga,BR,-16.57,-39.57,77.0,88,8.05,75
Kahului,US,20.89,-156.47,77.0,73,4.25,1
Seoul,KR,37.57,126.98,46.4,70,3.33,1
Atlantic Beach,US,30.33,-81.4,72.0,48,9.17,75
Amahai,ID,-3.33,128.92,79.41,80,4.7,27
Green River,US,41.53,-109.47,53.6,40,12.75,1
Samfya,ZM,-11.36,29.56,66.06,62,6.2,59
Khandyga,RU,62.67,135.6,31.41,93,12.41,100
Aklavik,CA,68.22,-135.01,15.8,52,2.24,40
Muaná,BR,-1.53,-49.22,83.25,86,5.88,87
Itaituba,BR,-4.28,-55.98,87.8,66,9.17,20
Soyo,AO,-6.13,12.37,78.98,86,2.35,99
Coxim,BR,-18.51,-54.76,84.76,54,3.4,36
Saint-Michel-des-Saints,CA,46.68,-73.92,41.0,6,1.01,100
Virginia Beach,US,36.85,-75.98,57.2,27,18.34,75
Tanout,NE,14.97,8.89,88.84,10,8.97,95
Ino,JP,33.55,133.43,46.99,61,4.94,22
Najrān,SA,17.49,44.13,86.0,27,11.41,40
Blahodatne,UA,50.66,24.25,43.86,54,2.95,19
Puerto Escondido,MX,15.85,-97.07,80.6,69,11.41,5
Cherskiy,RU,68.75,161.3,2.91,87,23.51,62
Kudahuvadhoo,MV,2.67,72.89,84.85,66,3.8,10
Vieste,IT,41.88,16.18,57.2,33,9.17,5
Iznoski,RU,54.99,35.31,38.48,68,4.88,83
Zambezi,ZM,-13.54,23.1,69.01,60,7.31,94
Tymovskoye,RU,50.85,142.66,21.67,93,6.51,74
Odda,NO,60.07,6.55,43.0,63,1.48,5
Mogwase,ZA,-25.18,27.27,69.51,35,2.39,100
Auch,FR,43.65,0.58,71.6,24,10.29,0
Whitehorse,CA,60.72,-135.05,21.2,37,3.36,5
Kasongo-Lunda,CD,-6.47,16.82,72.59,79,1.39,100
East London,ZA,-33.02,27.91,69.82,78,10.42,100
Carballo,ES,43.21,-8.69,57.2,93,6.93,90
Luga,RU,58.74,29.85,33.82,84,6.64,37
Northam,GB,51.03,-4.22,64.99,63,6.93,88
Ekhabi,RU,53.51,142.97,19.29,96,6.06,0
Olafsvik,IS,64.89,-23.71,36.12,81,15.05,74
Kraśnik,PL,50.92,22.23,52.0,49,1.12,40
Ţalkhā,EG,31.05,31.38,55.06,79,7.36,41
Crib Point,AU,-38.35,145.2,59.0,91,7.0,81
Kalmunai,LK,7.42,81.82,81.82,75,8.46,58
Iaciara,BR,-14.1,-46.63,80.02,68,3.96,81
Al Bardīyah,LY,31.76,25.09,59.86,63,18.3,0
Lumajang,ID,-8.13,113.22,77.31,68,1.25,13
Simplício Mendes,BR,-7.85,-41.91,86.81,60,1.61,73
Tegul'det,RU,57.31,88.17,32.5,91,8.9,94
Kununurra,AU,-15.77,128.73,69.8,94,4.7,91
Kousséri,CM,12.08,15.03,98.6,9,12.75,99
Tabou,CI,4.42,-7.35,83.25,74,7.2,31
Mendi,PG,-6.18,143.65,53.78,55,1.95,99
Shenkursk,RU,62.11,42.9,27.36,95,6.08,97
Jianning,CN,27.83,113.15,55.4,93,17.9,90
Whitecourt,CA,54.15,-115.69,37.4,44,8.05,40
Krasnosel'kup,RU,65.7,82.47,33.64,96,20.27,100
Remanso,BR,-9.62,-42.08,86.83,53,3.58,43
Apricena,IT,41.78,15.44,57.2,33,9.17,5
Walvis Bay,NA,-22.96,14.51,69.01,78,1.99,5
Flinders,AU,-34.58,150.86,64.0,59,18.34,0
Pundaguitan,PH,6.37,126.17,80.42,76,10.38,29
Fortuna,US,40.6,-124.16,60.01,93,5.82,75
Lompoc,US,34.64,-120.46,64.0,67,5.82,1
Kutum,SD,14.2,24.67,80.35,13,8.57,20
La Ronge,CA,55.1,-105.28,28.4,68,19.46,90
Miracema do Tocantins,BR,-9.56,-48.4,85.59,72,3.67,77
Koungou,YT,-12.73,45.2,84.2,79,5.82,40
Havelock,US,34.88,-76.9,62.6,26,20.8,20
Ryōtsu-minato,JP,38.08,138.43,37.4,86,1.12,8
Vukovar,HR,45.34,19.0,61.0,44,4.7,2
Marawi,PH,8.0,124.29,66.99,76,0.96,30
Kalanguy,RU,51.02,116.52,36.99,46,2.57,0
Yozgat Province,TR,39.58,35.33,40.82,42,9.08,0
Ratne,UA,51.67,24.53,43.5,56,3.91,3
Kieta,PG,-6.22,155.63,79.39,79,3.85,38
Caluquembe,AO,-13.78,14.68,62.76,58,4.47,31
Las Margaritas,MX,16.32,-91.98,85.15,25,2.21,80
Dumas,US,35.87,-101.97,66.2,31,20.8,1
Donskoye,RU,45.46,41.97,46.0,52,6.71,0
Dudinka,RU,69.41,86.18,32.0,94,26.84,75
Kikuchi,JP,32.98,130.82,53.01,62,3.27,91
Lunca Banului,RO,46.59,28.17,53.6,30,11.41,13
Avera,US,33.19,-82.53,68.0,20,11.41,1
Gigmoto,PH,13.78,124.39,81.14,74,6.4,3
Opunake,NZ,-39.46,173.86,46.99,79,1.01,9
Broome,US,42.25,-75.83,37.99,74,18.34,90
Aranos,NA,-24.13,19.12,78.8,27,11.77,40
Iberia,US,29.95,-91.75,72.0,49,14.99,1
Chui,UY,-33.7,-53.46,69.33,60,10.18,6
Tombouctou,ML,20.0,-3.0,96.51,7,6.46,38
Grindavik,IS,63.84,-22.43,41.0,93,14.99,90
Puerto Baquerizo Moreno,EC,-0.9,-89.6,84.2,79,5.82,40
Ndélé,CF,8.41,20.65,83.86,44,3.6,61
Biak,ID,-0.91,122.88,79.72,72,3.56,0
Lasem,ID,-6.69,111.45,81.07,79,3.53,57
Verkh-Chebula,RU,56.03,87.62,28.58,94,7.0,86
Neiafu,TO,-18.65,-173.98,68.0,94,10.22,20
Qaqortoq,GL,60.72,-46.03,42.8,26,41.38,100
Paamiut,GL,61.99,-49.67,37.92,74,14.05,100
Ust-Nera,RU,64.57,143.2,17.06,86,7.0,62
Maralal,KE,1.1,36.7,65.46,41,13.09,87
Leshukonskoye,RU,64.9,45.76,20.3,96,4.03,61
Havøysund,NO,71.0,24.66,26.6,86,6.93,100
Port Augusta,AU,-32.5,137.77,63.0,67,5.82,16
Sydney,AU,-33.87,151.21,59.0,82,10.29,20
Koumac,NC,-20.57,164.28,72.61,75,6.44,48
Shingū,JP,33.73,135.98,41.76,65,8.08,16
Clearwater,US,27.97,-82.8,84.2,65,13.87,75
Middle Island,US,40.88,-72.94,50.0,39,16.11,75
Havre-St-Pierre,CA,50.23,-63.6,30.2,92,21.92,90
Pianoro,IT,44.39,11.34,66.99,36,3.36,0
Pimenta Bueno,BR,-11.67,-61.19,83.8,67,3.09,82
Vanavara,RU,60.34,102.28,31.82,86,2.93,100
Phan Thiet,VN,10.93,108.1,76.89,79,7.43,95
Pisco,PE,-13.7,-76.22,75.99,30,10.29,4
Zapolyarnyy,RU,69.42,30.81,24.8,73,23.04,85
Umm Kaddadah,SD,13.6,26.69,86.4,11,12.06,5
Alofi,NU,-19.06,-169.92,75.2,88,4.7,100
San Andrés,CO,12.58,-81.7,87.8,66,12.75,75
Manzhouli,CN,49.6,117.43,39.97,44,6.08,4
Fereydūnkenār,IR,36.69,52.52,50.0,87,4.7,75
Trat,TH,12.5,102.5,79.43,85,0.25,93
Kloulklubed,PW,7.04,134.26,81.39,81,14.5,0
Khovd,MN,48.01,91.64,45.25,31,6.26,100
Deputatsky,RU,69.3,139.9,13.89,89,7.05,46
Toktogul,KG,41.87,72.94,48.33,28,4.5,76
Kuito,AO,-12.38,16.93,62.98,59,2.89,75
Makakilo City,US,21.35,-158.09,77.0,88,3.36,40
Portland,US,45.52,-122.68,63.0,66,1.59,20
Mildura,AU,-34.2,142.15,60.01,51,5.82,75
Osakarovka,KZ,50.56,72.57,34.92,67,7.56,0
Abū Zabad,SD,12.35,29.25,87.42,11,11.16,14
Xining,CN,36.62,101.77,35.67,27,2.26,47
Tilichiki,RU,60.47,166.1,0.23,91,6.73,20
Dabola,GN,10.75,-11.12,96.46,21,4.18,48
Goma,CD,-1.68,29.22,65.79,51,2.15,72
Sudak,UA,44.85,34.97,54.28,48,6.89,1
Leningradskiy,RU,69.38,178.42,-4.81,80,7.85,0
Mitchell,US,43.71,-98.03,46.4,36,18.34,40
Vestmannaeyjar,IS,63.44,-20.27,42.42,87,20.27,100
Lieksa,FI,63.32,30.02,30.56,93,5.03,98
Yumbel,CL,-37.08,-72.57,66.2,63,4.7,19
Cascais,PT,38.7,-9.42,63.0,82,10.29,20
Skibbereen,IE,51.55,-9.27,59.0,77,3.36,75
Kalabo,ZM,-14.97,22.68,68.29,65,6.35,99
Rørvik,NO,64.86,11.24,37.99,76,16.6,78
Río Gallegos,AR,-51.62,-69.22,60.8,29,18.34,75
Taos,US,36.41,-105.57,57.2,22,5.82,1
Coahuayana Viejo,MX,18.73,-103.68,91.4,21,5.82,5
Kavieng,PG,-2.57,150.8,83.25,76,6.58,100
Kampot,KH,10.62,104.18,80.87,79,4.12,84
Tura,IN,25.52,90.22,73.81,35,4.54,0
Rio Branco,BR,-9.97,-67.81,87.8,58,5.82,84
Nong Chik,TH,6.84,101.18,79.23,77,9.78,44
Ust-Maya,RU,60.42,134.53,26.69,96,4.36,37
Pathein,MM,16.78,94.73,75.65,90,7.11,52
Qiqihar,CN,47.34,123.97,44.89,51,13.38,3
Tadine,NC,-21.55,167.88,72.18,67,4.21,26
Tiznit Province,MA,29.58,-9.5,65.73,54,7.56,58
Bonfim,BR,3.08,-59.95,93.96,43,4.34,92
Riberalta,BO,-10.98,-66.1,90.19,43,4.23,57
Shimanovsk,RU,52.0,127.7,33.4,82,4.9,0
Manggar,ID,-2.88,108.27,80.76,81,4.23,100
Dedza,MW,-14.38,34.33,57.65,64,5.5,24
Volksrust,ZA,-27.37,29.88,58.12,35,1.83,100
Sulangan,PH,11.14,123.72,80.19,77,11.74,8
West Bay,KY,19.37,-81.42,87.8,66,6.17,40
Villacarrillo,ES,38.12,-3.08,64.99,67,1.95,83
Pitimbu,BR,-7.47,-34.81,87.8,66,10.29,40
Malanje,AO,-9.54,16.34,67.68,65,5.73,100
Mae Ramat,TH,16.98,98.52,70.9,51,1.59,12
Porto-Novo,BJ,6.5,2.6,82.4,78,6.93,20
Kidero,RU,42.19,45.96,28.99,47,2.48,92
Namatanai,PG,-3.67,152.43,81.43,73,3.36,89
Asău,RO,46.43,26.4,57.2,30,12.75,92
Chu,KZ,43.6,73.76,39.99,75,8.99,22
Loviisa,FI,60.46,26.23,37.0,77,5.82,90
Kumul,CN,42.8,93.45,57.96,19,10.47,4
Zhengjiatun,CN,43.51,123.51,43.14,47,8.23,0
Jiblah,YE,13.92,44.15,66.34,35,2.13,9
Zhuhai,CN,22.28,113.57,73.99,100,4.7,40
Kuytun,RU,54.34,101.5,38.98,77,4.52,94
Kralendijk,BQ,12.15,-68.27,87.8,66,16.11,98
Laas,IT,46.62,10.7,71.6,41,5.82,5
Changji,CN,44.02,87.32,48.2,45,2.24,100
Lashio,MM,22.93,97.75,65.48,47,1.45,30
Mankera,PK,31.39,71.44,80.69,38,8.66,47
Novobataysk,RU,46.9,39.78,53.01,43,6.71,48
Belaya Gora,RU,68.53,146.42,30.56,98,5.77,90
Waliso,ET,8.53,37.98,64.89,42,3.18,68
Lafia,NG,8.48,8.52,83.39,58,6.4,71
Caucayá,CO,-0.19,-74.78,81.66,77,3.69,95
Gaza,PS,31.5,34.47,60.8,77,4.7,75
Conceição do Araguaia,BR,-8.26,-49.26,87.78,66,2.66,39
San Roque,ES,36.21,-5.38,64.4,72,17.22,2
Plettenberg Bay,ZA,-34.05,23.37,63.14,70,3.11,28
Coolum Beach,AU,-26.53,153.1,66.0,98,1.01,88
Motomachi,JP,43.82,144.1,25.27,91,2.8,61
Bayonet Point,US,28.33,-82.68,84.99,47,8.05,20
High Prairie,CA,55.43,-116.49,27.91,82,8.23,99
Jalu,LY,29.03,21.55,65.14,33,6.78,0
Guangyuan,CN,32.44,105.82,48.0,68,5.32,100
Vardø,NO,70.37,31.11,30.22,90,17.72,100
Isiro,CD,2.77,27.62,72.41,71,1.3,97
Laguna,US,38.42,-121.42,66.99,63,8.05,20
Maun,BW,-19.98,23.42,66.2,100,5.82,75
Toora-Khem,RU,52.47,96.11,33.13,61,6.69,100
Lianyuan,CN,27.69,111.66,53.55,83,10.18,100
Obo,CF,5.4,26.49,71.94,73,1.01,90
Al'met'yevsk,RU,54.9,52.32,45.01,55,18.57,93
Raudeberg,NO,61.99,5.14,43.0,65,1.12,16
Carutapera,BR,-1.2,-46.02,84.88,72,10.78,42
Pacific Grove,US,36.62,-121.92,63.0,72,6.93,40
Olavarría,AR,-36.89,-60.32,66.0,62,4.0,0
Storforshei,NO,66.4,14.52,24.58,90,4.0,67
Mahanje,TZ,-9.93,35.33,63.01,70,1.59,19
Lembeni,TZ,-3.78,37.62,69.13,66,5.37,100
Upington,ZA,-28.45,21.26,78.8,36,6.93,20
Lavrentiya,RU,65.58,-171.0,5.81,91,9.93,98
Lomovka,RU,53.92,58.37,30.2,68,8.95,20
College,US,64.86,-147.8,21.0,78,8.05,90
Barra de Tecoanapa,MX,16.52,-98.75,89.51,41,10.56,0
Muswellbrook,AU,-32.27,150.9,53.53,85,6.64,11
Yangambi,CD,0.81,24.43,78.04,62,1.72,51
Forsytheganj,BY,52.63,29.73,42.42,60,7.38,75
Krasnoarmeysk,RU,51.02,45.7,48.0,47,4.0,59
Korhogo,CI,9.45,-5.63,91.26,37,6.26,70
Mareeba,AU,-17.0,145.43,73.4,83,1.77,99
Moranbah,AU,-22.0,148.05,67.62,82,4.23,71
Tezu,IN,27.92,96.17,71.31,31,3.94,0
Cienfuegos,CU,22.15,-80.44,95.0,59,12.75,15
Sobolevo,RU,54.43,31.9,40.6,63,7.43,56
Rivne,UA,50.62,26.23,42.48,56,6.49,0
Teyateyaneng,LS,-29.15,27.75,56.5,43,2.53,64
Winfield,US,37.24,-97.0,57.2,32,7.0,40
Watertown,US,42.37,-71.18,50.0,37,12.75,90
